total = 229
nb = 67
bh = 2
4
7
37
39
39
46
46
46
48
51
63
64
67
67
78
78
78
79
83
89
91
94
95
99
100
101
102
102
120
134
136
144
149
150
153
157
171
172
172
173
175
183
190
193
196
199
201
211
211
225
225
234
235
235
236
246
247
248
249
255
255
256
256
259
268
269
269
271
273
281
281
289
300
301
302
303
314
321
321
324
328
334
341
343
344
349
351
351
353
357
358
362
369
371
380
385
385
389
390
397
397
397
397
397
401
404
407
429
436
437
443
447
448
465
466
471
472
478
480
509
529
536
542
565
566
581
586
590
591
603
608
609
612
613
614
619
620
621
622
626
628
631
633
640
642
645
645
645
648
649
649
649
653
653
658
658
676
696
696
702
706
707
709
711
716
716
719
728
749
749
749
754
756
756
756
758
760
760
786
787
793
819
819
821
822
837
840
846
854
857
865
875
876
877
879
882
886
896
896
896
896
896
896
896
896
908
923
924
924
929
930
933
941
942
945
960
963
965
973
974
977
981
982
982
982
985
991
993
993
